---
poses:
- x: -25.0
  y: -22.0
  heading: 3.9269908169872414
- x: -42.0
  y: -0.0
  heading: 3.9269908169872414
constraints:
  maxVel: 25.0
  maxAccel: 40.0
  maxJerk: 0.0
  maxAngVel: 3.141592653589793
  maxAngAccel: 6.283185307179586
  maxAngJerk: 0.0
resolution: 0.25
